class1,class2,class3,class4,class5,class6,class7,class8,class9,id
0.007060698298523856,0.11360674183501514,0.002948781452921166,0.011026617633119627,0.006123701000679758,0.014848253169122734,0.8414029294364559,0.0015133784687185465,0.0014688987054433593,0
0.11907858447376352,0.08215874433032898,0.022188946451781547,0.4719318286492586,0.03910843503154334,0.05528168958058788,0.16924544998004132,0.020829071991935403,0.02017724951075947,1
0.15427047666557356,0.1629493190372423,0.03133762563586392,0.12356161437822478,0.057466412027178476,0.11560578063576481,0.3153740229088101,0.02172978334978964,0.017704965361552364,2
0.008134765664044053,0.47095552934288076,0.007750623267111227,0.007844054090452383,0.011608024503277421,0.006595135119050044,0.4819043851063348,0.0027332333554836536,0.002474249551365528,3
0.7042064608905332,0.03968234069795454,0.007588837256222188,0.061630932890348794,0.032447741338896254,0.05762006536339258,0.08173063192587197,0.007447722892004461,0.007645266744776204,4
0.13705480853919788,0.13412448204045488,0.013539773057245233,0.5387440396674562,0.04606867911549163,0.030721170223427106,0.08092915136020373,0.009366756319318532,0.009451139677204685,5
0.0634575079434613,0.057085091223063565,0.07026872952417498,0.03784326025724839,0.026992873535991325,0.009336105598777652,0.7270032530784195,0.003938242915666343,0.004074935923197014,6
0.05153758732786769,0.05525832796844614,0.01587478273781777,0.5716763963244357,0.21476967324658616,0.05599260466230918,0.023728126565560805,0.005484043674753401,0.0056784574922231585,7
0.4852830704813243,0.1700212367905343,0.015236842510646699,0.06368803689044478,0.018051428863391717,0.045243172030594386,0.17394963393064036,0.012026448840126635,0.016500129662296747,8
0.05236803938212996,0.5552844929864951,0.005076476878119074,0.03913083006969974,0.013828936616936394,0.026303862358647696,0.3020528652852808,0.0030381064608970684,0.002916389961794369,9
0.02850134803470597,0.1838611001291038,0.026486000369835692,0.023646368660850858,0.03274632999017854,0.016669093284104902,0.6714012877280694,0.008481173131793933,0.008207298671356951,10
0.009113612298354258,0.08034779488516196,0.006519451325524815,0.0110062846338014,0.01036640693601595,0.010129645411780373,0.8702727396685913,0.0012079429128665936,0.0010361219279033539,11
0.26904137397427874,0.02327578989939817,0.013006977473857118,0.059091653059584866,0.12728673059749832,0.4564105300206976,0.02888115406690948,0.009637447121653904,0.013368343786121823,12
0.03257576250912801,0.07866888114094277,0.01109451198851467,0.071172388898577,0.00839728870424998,0.005686523120164534,0.7848032895118533,0.00397046305723172,0.0036308910693381344,13
0.09467208809372693,0.37012941050177656,0.012609795373491096,0.059274627519491696,0.02343417651925981,0.0403302961235747,0.3751956159081487,0.012408181258228113,0.01194580870230232,14
0.017133421594080763,0.08146367497806155,0.012628936556860414,0.022201639189649458,0.02544373668527108,0.012662365898924083,0.8214827092371307,0.0034924264112707894,0.003491089448751181,15
0.0638368005643699,0.05490038658113619,0.024333267818203497,0.09677056575931946,0.03200860275993347,0.07431130750748034,0.6213043170053683,0.01668739580907813,0.015847356195110764,16
0.019434494331339536,0.11126122610966344,0.0031926026588274285,0.02228919031276061,0.028684833043985863,0.020413982565502323,0.7891919572480772,0.0029153701626561503,0.002616343567187316,17
0.19052205086262736,0.1149259875266284,0.020954138638819043,0.22417210132304896,0.03447865708156656,0.031514204507562656,0.3509873032229695,0.015693130388292897,0.01675242644848455,18
0.015510558125924554,0.05996225824030241,0.30491804017290414,0.01376542320054721,0.026631328973964804,0.007303553426011917,0.5640849629786356,0.003859282916973097,0.003964591964736221,19
0.22874157758785923,0.06734764682680795,0.024250476934267528,0.4159440344695029,0.03227841694527266,0.0390670646439813,0.1491201152687762,0.021032874239198182,0.022217793084333977,20
0.04899164467194403,0.13185407865633808,0.00783202794643989,0.04669562685388618,0.01160612294963837,0.008445401537035204,0.732675870672255,0.004968139963364186,0.006931086749099111,21
0.1366263919458205,0.026447073823483845,0.01585836645964636,0.6930162687711143,0.04031042457207213,0.02035162760565606,0.05468298139062383,0.006179348279409247,0.0065275171521736106,22
0.035516385757696105,0.2296001938433434,0.004128657865598502,0.004882524667856889,0.00711522995208151,0.042967966562247724,0.6689312578804716,0.0036233989020633454,0.0032343845686409194,23
0.012589425432605075,0.13032812728929696,0.06544750870693632,0.00938256472885183,0.04394277513480716,0.007984330130086632,0.7236508281982399,0.0034924252179058565,0.0031820151612703736,24
0.2738221360292828,0.06216687306836151,0.016397492515579894,0.06423470422823872,0.032858324599395944,0.0848806637261471,0.42878630058555156,0.016668064026085536,0.020185441221356987,25
0.35991460443708434,0.010347141826711958,0.010755677701079675,0.5341961538632767,0.02431210565859489,0.03411724313067814,0.014832847393288925,0.005778023852603246,0.005746202136682087,26
0.05513574533335905,0.14221670826448338,0.00998086681793743,0.05875974603166246,0.013963753270371422,0.06908941472650323,0.6362157740944994,0.008568510893403328,0.006069480567780374,27
0.22287972273100629,0.08057278540583174,0.01446860802191908,0.05879626698821506,0.02288619354382002,0.02418324176597404,0.5314498486679652,0.01248167465103106,0.032281658224237474,28
0.04093339118614704,0.2996182203671924,0.006387419835132985,0.06266560948657114,0.018674372587269384,0.03482965901426968,0.5295153280129459,0.0036629996613666547,0.0037129998491048605,29
0.01827474751954944,0.38930412594864316,0.010004046794214759,0.01867598219227535,0.01734777592636099,0.023810972740038905,0.5098598233922843,0.0064378565254374735,0.0062846689611956484,30
0.08299257638806486,0.06946319707729634,0.02957351030990952,0.27420060227270654,0.04317482210949163,0.032865109291578924,0.4065492083133018,0.03185109046779607,0.029329883769854348,31
0.06894013388989062,0.16016719111114594,0.008827992852842581,0.10288001567584117,0.019875287708430892,0.02284952666572244,0.6014325881776635,0.007425872198701548,0.007601391719761318,32
0.7099705230998677,0.035732534816971404,0.008945845672187844,0.04269151335800073,0.014131794693006785,0.012769575173483835,0.1648315316186737,0.0054503069382125825,0.005476374629595257,33
0.11447975579286504,0.12633921641810672,0.012298335073828754,0.13005668383741759,0.03277742342023662,0.029298578552909765,0.5269223586275315,0.01602200291468624,0.01180564536241804,34
0.20222779873667995,0.11865415224586068,0.022960170405226406,0.1538565697335669,0.03281093862232082,0.05811333387290245,0.38231923927297234,0.014597885107917022,0.014459912002553392,35
0.531097638762497,0.07748918927463254,0.009806111836184413,0.07519524891260851,0.02283639208470534,0.023025803221500024,0.2432900170892869,0.010337813847146748,0.0069217849714385445,36
0.030574140909175693,0.1487811169651278,0.008045922906877879,0.02985866243389257,0.01172816139988714,0.011763982066909429,0.7443137243736031,0.007928804652065932,0.0070054842924604545,37
0.015585861013307847,0.359705548251549,0.004008473985131533,0.008887047980942447,0.01969802853464723,0.027874793430098622,0.5567706768873121,0.003954959214746819,0.003514610702264469,38
0.2717512110810905,0.05899904959181144,0.019678756319673227,0.03951261416089017,0.024762722110157037,0.03320025111493421,0.5379972015619657,0.006593852823096013,0.007504341236381764,39
0.014414474744671953,0.076586780964094,0.002847038399849568,0.023527974865507766,0.013798331098909435,0.0068888874336620635,0.8582521547131249,0.0021025776405983313,0.001581780139582022,40
0.1700169754599833,0.06928581839668933,0.013003427370804791,0.1954949411700195,0.021695541218888406,0.04101901042044792,0.46601579437325763,0.012776020445577971,0.01069247114433114,41
0.2567796596979888,0.023336649682601407,0.009707076517404893,0.6126795551172044,0.014952591678385968,0.01801272229650426,0.04546395332377411,0.008154032013122654,0.010913759673013192,42
0.24021832759805,0.05395291209186653,0.014673809724226904,0.3243672207434471,0.01635031727012648,0.012578868455869259,0.31854463113177905,0.007845869570940918,0.011468043413693797,43
0.10040640526582177,0.1045598002703291,0.011825822642827815,0.02900131622801422,0.08133052040086423,0.12220434914920908,0.5334206078688407,0.00857549817482814,0.008675679999264852,44
0.03042733873603332,0.3213355580936129,0.008011418688730846,0.03704285095190178,0.10286371977839237,0.0453782162623471,0.4404942299943488,0.009186327844634641,0.005260339649998136,45
0.1322368779533541,0.14209880406295222,0.02056211189276083,0.10153499121416433,0.030087277777250506,0.03148236054505731,0.5044688744001993,0.01848068448702705,0.01904801766723428,46
0.17744508550760515,0.010112703052831375,0.02988751903176595,0.1740126748405478,0.5276652584382299,0.04772847577863357,0.023534108617554523,0.0047062870517373834,0.00490788768109431,47
0.2339425705768801,0.2184780992623224,0.0292051713758304,0.2065214696052794,0.03558039934511864,0.049029345723800535,0.18573782499578742,0.01972085737853271,0.021784261736448384,48
0.10641432867471536,0.2614750565156902,0.07701593982636414,0.1914794519315792,0.033191570002911654,0.07609506105282482,0.2335837577649132,0.010103533959033198,0.010641300271968395,49
0.2633406913738666,0.06484186765973209,0.014859848204703447,0.3145105486206043,0.023378802061438393,0.03976762763560161,0.25584799729208035,0.011900457036311082,0.011552160115662131,50
0.06332156422865269,0.06455679459580617,0.01376579092515917,0.03158717955256189,0.020399348903396956,0.011729287110483516,0.7854614469839992,0.0038197990303959423,0.005358788669544502,51
0.02490140525131646,0.25019478652305854,0.009970140696904098,0.0688203068060161,0.03656547793749489,0.023065668913225652,0.573017162606344,0.006439205605436905,0.0070258456602033245,52
0.13310041987360222,0.23500842122881493,0.01808453967901555,0.05443286677283977,0.0373825384276367,0.04197949494263168,0.454557402577389,0.012204661619409248,0.013249654878660845,53
0.40545159401425407,0.12403882618799872,0.011883818985005594,0.23900433887773476,0.015468388919248989,0.029143083205000902,0.15781401192401165,0.007959541736056779,0.009236396150688614,54
0.15427247488633875,0.019393666796806187,0.01013906053935556,0.7381777338582335,0.013929518798486501,0.017712033805776604,0.028755547564825134,0.008454780088452298,0.009165183661725682,55
0.2678181586642122,0.05677641676981871,0.022109050649135573,0.24630673631843772,0.03208339789874495,0.029999288149186655,0.31072894568556825,0.016166511191253077,0.01801149467364282,56
0.005333840187065169,0.36952989423183835,0.0026305354352117957,0.005457007526410627,0.01649592998326649,0.01753412903640953,0.5780010592856002,0.0024988722694769742,0.0025187320447209874,57
0.167818291780297,0.035768537491239684,0.010165328592811084,0.633663603312322,0.03995255361229808,0.022789833207381264,0.07367947215617256,0.006924545433511222,0.009237834413967175,58
0.15814559855421798,0.3513106071834914,0.0288526184477097,0.038899231509587406,0.025380160056339945,0.02670974250727281,0.3470210674409153,0.011598799493618379,0.012082174806847179,59
0.042199102077765845,0.06458625261440887,0.011869451012447085,0.12287871306932828,0.008692910238966655,0.005562679902759001,0.7362443482556751,0.004204722122382561,0.0037618207062666397,60
0.22362135312748846,0.05125991981280574,0.017648010742485617,0.31211384486095683,0.040165221575035,0.01685070532064512,0.3112364448528724,0.01349254319459085,0.013611956513120005,61
0.5097154788542504,0.1116334469339347,0.016798988899128422,0.17525188423925075,0.029001254073806063,0.05659569399656914,0.08228224589093462,0.008753919810800887,0.009967087301325098,62
0.09426095370997904,0.0698992873494273,0.033543817005135756,0.05665175224964281,0.0251961709602573,0.013065926657756452,0.6887945478271402,0.009578186146838676,0.009009358093822587,63
0.14835206930250325,0.04903051294278246,0.010342705470942487,0.43697131761082053,0.012646358565574712,0.01460778183529039,0.3069724870658075,0.010973082051154678,0.010103685155123969,64
0.6491775581620008,0.0098013693980417,0.004703856102207274,0.23652247419941044,0.014827815531018333,0.010718032621770604,0.06817351765868043,0.0027564883019536,0.0033188880249166728,65
0.06901104141576851,0.41586080279742704,0.005456820553726238,0.04160718234309113,0.025711693592623826,0.031236680563671654,0.4032769313708163,0.0044854962981917355,0.0033533510646835524,66
0.09744178483642452,0.595700359216607,0.010502434392001905,0.0369975037273921,0.01739255549529254,0.023363264099364976,0.1951426788321129,0.011031395857439806,0.012428023543364183,67
0.048218881294172115,0.3110738187073359,0.008140816736315127,0.01195437618952816,0.11797608356881753,0.08774992077072087,0.4049185761086112,0.005225352484402481,0.004742174140096596,68
0.29816026518382927,0.037553664682543876,0.013077765220834906,0.4037740798263705,0.01873925681516434,0.014175827230944914,0.189868871956959,0.010288184815428949,0.014362084267924275,69
0.04926443976598387,0.01279105327252063,0.007628390174778436,0.8635772039519601,0.013958954228902209,0.017851076874856764,0.025623437676892593,0.004423245798626938,0.004882198255478494,70
0.02304748459888494,0.05680378220197468,0.018086496489716438,0.044391311710082586,0.013922017046346907,0.06827011756291647,0.7582140187890638,0.008620636878502123,0.008644134722511947,71
0.45142034473537435,0.01898237442640835,0.010372518337647603,0.38591526674972415,0.032814385595781086,0.05130049165648214,0.03456910481272854,0.00765337635361047,0.006972137332243351,72
0.0571386689049921,0.5561466194581032,0.004919237315658224,0.02454446074197492,0.02188803440518449,0.03490318523060746,0.2951599566517826,0.0029980255429842575,0.0023018117487127172,73
0.2711981872090018,0.03993088499171746,0.01429042459666152,0.353106626747186,0.02072208585479499,0.01718997650385656,0.25636905147457606,0.011629390017243516,0.015563372604962199,74
0.07523333230137641,0.21386497499632087,0.02230208027055538,0.021508097068539567,0.03756238679818328,0.05060695878728302,0.5688040071676256,0.005520975800140587,0.004597186809975396,75
0.4265647168695486,0.01347047048834497,0.016693928928186396,0.4335257855746025,0.020188848137351827,0.04370378345597184,0.03257546870533066,0.006940806914167475,0.0063361909264957805,76
0.013778676841825275,0.08109207727201029,0.005925766616378915,0.0704187090754816,0.009590062670540803,0.0429038438124516,0.7653705697894563,0.005902206786000597,0.005018087135854716,77
0.2406359429744457,0.22969314172045938,0.01894466350006478,0.1679050604743924,0.04688804836569208,0.02137230592620139,0.25901357361228866,0.00757637405067697,0.007970889375778698,78
0.017216425980447536,0.054628289137920526,0.07250315865967016,0.009910404222008834,0.02267823610162173,0.012106616484808418,0.8041253550707202,0.0032938629167498226,0.003537651426052664,79
0.15099403596833577,0.11653703669465733,0.018902160021326865,0.1805407358098264,0.02451541848005075,0.22978712903083826,0.24887038219961333,0.01468630945981767,0.015166792335533558,80
0.10457635011493438,0.04337762175035832,0.010250794298655783,0.6621641980147678,0.030047511423020645,0.02938818079541369,0.10144253767299385,0.009201759985058332,0.009551045944797335,81
0.21690255614859408,0.021818719739138518,0.03481342222627532,0.21872950701262484,0.2791090900512252,0.18530132773247004,0.03031315302558328,0.006432318608756953,0.006579905455331728,82
0.1586566708493053,0.14193666666861673,0.01435545780462163,0.05162131800728556,0.02369070300009649,0.12905500284640667,0.4534604153819143,0.0136706917126477,0.013553073729105605,83
0.06456237992102942,0.054014028594605266,0.021845025200676278,0.04265965584679933,0.02753326035405955,0.02479797118741832,0.7379920061686148,0.01351560147945448,0.013080071247342673,84
0.0499860088611517,0.0684074177745224,0.008688754904672715,0.023661598588733686,0.02409349882000314,0.029830648520035752,0.7831089864901213,0.006355516588718713,0.005867569452040559,85
0.4157119006121236,0.043115477251578306,0.00914592544295074,0.3692490771076499,0.027191022243155095,0.06047246353591253,0.06221346300141711,0.006923833976048658,0.005976836829163978,86
0.45472193665551264,0.04222716659971929,0.011137368628363462,0.22071450993438932,0.04772669085974029,0.017692511689708288,0.19146943778131004,0.006860799005057937,0.007449578846198725,87
0.015758800881246707,0.7686775781356685,0.007362244190834224,0.008585920550456417,0.013253902369413182,0.01429254352886986,0.16619285547008064,0.002949025532835908,0.0029271293405945618,88
0.15205921212622522,0.07046687551511674,0.01842547758323792,0.29138030230282896,0.07320335166216257,0.030215112412469138,0.25199400422728035,0.04090948432498298,0.07134617984569616,89
0.10425040004888322,0.08324547699312568,0.016829484228151087,0.19124320937522218,0.038831787752839554,0.02224551371305438,0.5191267946235506,0.011894622807040548,0.012332710458132794,90
0.13753041042447794,0.06197159057066034,0.020606856894625537,0.04031994464163926,0.03187265935021267,0.025846445429571405,0.5771859481458806,0.014462654283109678,0.09020349025982269,91
0.11259398736180014,0.04585919918053097,0.027727420210080258,0.017095868982901944,0.010231040185403046,0.01045121919766122,0.7651989070704008,0.0051287244674675225,0.00571363334375408,92
0.00675589476651483,0.2438347234415863,0.014695186078126702,0.009806944881587652,0.011430329245665427,0.01198868181648115,0.6949347182751724,0.003154838140613219,0.0033986833542524967,93
0.10520533441656459,0.3211318649929343,0.017209886452269403,0.12583287571145663,0.030577622594904704,0.02026051595488838,0.3490471509741959,0.015487025834049354,0.01524772306873665,94
0.6482218974978844,0.014861691617438227,0.01153403641934216,0.14485552923304795,0.13060003905147993,0.03417898005280043,0.00961066544152156,0.0027824728586676637,0.0033546878278176047,95
0.06039295589727094,0.3350915968777144,0.027980463085269254,0.04416133678909231,0.03796478618515775,0.03482182370829196,0.42895216999969077,0.01484210009355295,0.015792767363959778,96
0.5473646842976977,0.050852467467389514,0.011224663286518116,0.10698810192616803,0.03299774595664544,0.02409883392192101,0.2080899063079717,0.009710109797148724,0.008673487038539632,97
0.42655061442214426,0.04713798457879076,0.01536716303986199,0.303813603574897,0.03666397575199636,0.08142688107408684,0.06871854609645604,0.009702348997017562,0.010618882464749109,98
0.2636615045282323,0.14428153866996082,0.016998851248832762,0.12658640749788583,0.030432533090096914,0.02109695151063711,0.37895032576857157,0.00847181488905867,0.009520072796724056,99
0.6411013993218352,0.056566639692593325,0.01206886198322298,0.14392084884264209,0.016290685523779155,0.055425162634500307,0.058571904650728035,0.007753917278687436,0.008300580072011494,100
0.6969292568642806,0.06610511860493606,0.014276996046149104,0.07659278091555494,0.025010406778317763,0.024540663915687065,0.0743270219211766,0.009586700531060649,0.012631054422837256,101
0.011298025070302814,0.11692372563176671,0.00482342276497636,0.01130831097042486,0.016777523255178475,0.014069655888108044,0.8172612079440051,0.004242121230088896,0.0032960072451485504,102
0.13298036453647005,0.04349105863503475,0.011948130567970948,0.40980911800087133,0.035283660302424136,0.01244672221267864,0.3398637329830096,0.007458156884996684,0.006719055876543709,103
0.07162832601249856,0.19535910802807577,0.01807628730673278,0.41430890306271334,0.02573478129369538,0.027570540543767636,0.21195016711388345,0.016802015072242108,0.018569871566390964,104
0.06915301028828529,0.21530090650491124,0.04644049387817436,0.017605322754743368,0.07462526971346553,0.05407370896535804,0.5100860535532439,0.006321630862811896,0.006393603479006471,105
0.5518115044920512,0.08214860550081866,0.014934067990295778,0.08033572256257521,0.018461603621300643,0.01660483267470544,0.21697218546177205,0.009188584709725936,0.009542892986755244,106
0.4532887293245427,0.034646441951084656,0.018879567447136012,0.2819883038200017,0.049137795935201664,0.10274216585634197,0.03716790356062751,0.011050139763868094,0.011098952341195597,107
0.01426315669492978,0.08966222638752032,0.040411241522002296,0.024570771259322267,0.028883807660260677,0.018818385456745752,0.7739292365313373,0.005339079393291469,0.004122095094590292,108
0.15974201676462965,0.06732375212509709,0.025792205497567118,0.5018672719543884,0.04689028760837419,0.047551835029326965,0.10351152241043289,0.023681464086474584,0.023639644523709296,109
0.054983410539721174,0.16156788962000654,0.011234985626423602,0.10168061904435467,0.027807473330188747,0.01619727398749537,0.6137530969816349,0.006353553403482545,0.006421697466692451,110
0.08981860381566131,0.33810372702506497,0.017388552799833472,0.04608803734076437,0.03238477599928647,0.04475065149971143,0.4064599119580539,0.012499094911736912,0.012506644649887093,111
0.40349944566412727,0.055694583911193564,0.017285878333066513,0.29378510573426353,0.13182320325177477,0.021771708663189216,0.06309826008889842,0.006551181974525841,0.006490632378960938,112
0.024885290646166812,0.03789788095902541,0.013411303822699772,0.019806094768607084,0.015519049019795257,0.025846192028516665,0.8499408509140423,0.006382663390318618,0.0063106744508282155,113
0.5067534465342312,0.03370964638789221,0.008541102976602608,0.3328182355852139,0.028034969010519578,0.04130537083561219,0.037872046116090324,0.005150071413266281,0.005815111140571679,114
0.1928063874954308,0.05358405566101989,0.031208018668821703,0.11402696518572435,0.08700465634427478,0.2600529466021933,0.2526878574796887,0.004222771497486012,0.004406341065360451,115
0.39328191864447354,0.1022547337496935,0.011468834779728184,0.11552554709137182,0.04769464780980846,0.04524255564494548,0.2666023022430254,0.008609234464612871,0.009320225572340805,116
0.26362609966144684,0.02999715830551963,0.017062695572678293,0.5010892293110512,0.049467607131578134,0.04014499247357184,0.0861764740962808,0.005956411586404572,0.00647933186146866,117
0.3730994204803282,0.010793317493223032,0.010779506649586443,0.017137728602567605,0.5119131283391963,0.049484094557300816,0.018544999067679854,0.0041851636837543765,0.004062641126363411,118
0.012916904641619844,0.7024450708475211,0.010036967824887166,0.011551204693154035,0.020370968706054513,0.013565223040762605,0.22131540076300996,0.0037722562407182052,0.004026003242272635,119
0.1675295918913696,0.1005141788820872,0.028395820191177867,0.1881549829806946,0.03327770019272679,0.07938103021025121,0.19262899514723264,0.1806158596377798,0.02950184086668034,120
0.45889235872027334,0.004262767273301236,0.007695293113486302,0.052504533809320346,0.4520233943741225,0.017241764833464776,0.004014208652854331,0.0017577373443256742,0.0016079418788513826,121
0.3998731039759215,0.07959833787356564,0.02626685851340209,0.20485431341732163,0.04653682449300658,0.033558640648342554,0.17875587650530453,0.013873280914653459,0.01668276365848196,122
0.03888803126733422,0.4820265886215356,0.014915487729290184,0.018875690752346297,0.02931832566308787,0.025001704234541143,0.37721003904174777,0.007147241653145585,0.00661689103697136,123
0.31540818313192165,0.08212499485978923,0.015803177525247982,0.3134730822472683,0.06585514942143776,0.05780660421772226,0.12456549474956366,0.012516537065118561,0.01244677678193068,124
0.1425653919542231,0.01446528627867183,0.01439472744322014,0.428849420277143,0.025859129630985578,0.28519395205193043,0.0759958889970156,0.006301051701118189,0.006375151665691971,125
0.14831127504570396,0.37956259230235107,0.04027984653002039,0.091872510405743,0.045151725657733455,0.03650198956113221,0.23082981857290266,0.013406888082569807,0.01408335384184347,126
0.3692808678423579,0.18480051247321902,0.00656635385109073,0.24482757215281933,0.02128470029890117,0.036844209922268084,0.12854251111718606,0.004387590385402812,0.0034656819567549153,127
0.07332462026504237,0.030292290292291062,0.016528885223757332,0.6465209247117901,0.13025218049416454,0.02090117126137059,0.05760898719268139,0.012027346399538867,0.012543594159363602,128
0.4093283578246152,0.1433420778647583,0.01109658639953815,0.2739044814883548,0.020506786554068363,0.015630808217156074,0.11367643858032085,0.005130384005998581,0.007384079065189725,129
0.008957459501606166,0.341566054378089,0.010799371555592715,0.010405971947858467,0.019260691058471592,0.014510555975666807,0.588070398675405,0.003495523981691444,0.002933972925618719,130
0.14860280184148783,0.12062496072780503,0.03301127656348662,0.08068038653004991,0.044407216874701304,0.05047276888218468,0.4862082155675272,0.018663045473129806,0.017329327539627685,131
0.0275011878535819,0.0520456264784572,0.010585486823895119,0.03096830429064738,0.02080603145424715,0.02483085846265261,0.8201424040439463,0.0067423376386724024,0.006377762953900025,132
0.24182240513660694,0.029704841554964737,0.007683035249790031,0.621578685827344,0.016149696788401096,0.03710426477108752,0.03260153352032939,0.005710705338924422,0.007644831812551907,133
0.21275041850338733,0.0689308842236831,0.04930444436770951,0.41956095654805686,0.0323440338778022,0.03989387218958901,0.1447364942099331,0.015822294006129996,0.0166566020737089,134
0.09239808269934838,0.05088034434615689,0.01701128484617445,0.05186969351724615,0.02560907705432335,0.042797341739421346,0.08252623199306271,0.012061249622679253,0.6248466941815874,135
0.060863696723076184,0.41199503772678314,0.01473679522387922,0.03203813567811105,0.07739225400545555,0.17796597747309784,0.19785145941029894,0.014460812153952795,0.012695831605345294,136
0.5142467268760231,0.012090528683731724,0.006015555638298448,0.41098782780696586,0.013990108243589476,0.019563062610049805,0.016286002516143903,0.00278081108207533,0.00403937654312218,137
0.13141927559677313,0.0624880773887761,0.006974558708547376,0.05758991649536508,0.012946917350488403,0.017164348249880293,0.6994691420696768,0.0056704744969471085,0.006277289643545553,138
0.5437261421115418,0.008613394676019803,0.0052048186553154616,0.39486916453699566,0.019951269545041582,0.013955157606345915,0.010010613061339449,0.0014513556081775804,0.0022180841992227936,139
0.15223808703403294,0.21699525307762982,0.03702224223240187,0.10882458392607725,0.047396238258588325,0.04347699550997199,0.3582396336402621,0.019243622727133772,0.016563343593902134,140
0.04632638073419854,0.03252865358605006,0.016615228773694892,0.043965553178364467,0.03450343856955602,0.027154584204993015,0.7795387193317678,0.01039545726690364,0.008971984354471552,141
0.6578609952749316,0.07383619111265091,0.01251982573405666,0.06906858315072016,0.015971298209268812,0.03198549011006883,0.12395752718851519,0.00732186073979707,0.007478228479990925,142
0.11962929746777477,0.061277870616685645,0.020763558077085558,0.10430077691477599,0.04188513516050031,0.02959557149397628,0.5852351643158105,0.019581557116965704,0.017731068836425345,143
0.1758492202658069,0.08252246366705508,0.04035349518494737,0.551077778630155,0.024528345337597186,0.023303947747931698,0.07127473780547817,0.015360268321414076,0.01572974303961472,144
0.06899210778615787,0.03494169637190786,0.018679920309410607,0.1958189230033184,0.03387602779556691,0.12781179886743352,0.4934377625154086,0.014134416626495332,0.012307346724300743,145
0.14588208795980429,0.07999769919180771,0.021529931569829894,0.12051226910090451,0.054536535950765956,0.18009375665633623,0.37385577854707314,0.01197530300673057,0.01161663801674758,146
0.5833364942347894,0.04631498785960307,0.020232378162573922,0.12932895025084848,0.11893289678039408,0.061949962298719755,0.02738908613034433,0.006045340722003066,0.006469903560723845,147
0.3241833732657155,0.09484653689034493,0.022508316796980524,0.2023199865033382,0.05177181242926596,0.056541648979475716,0.20746300498567616,0.019889233158901617,0.020476086990301394,148
0.00592183296349646,0.41535797073655556,0.003467063333702409,0.005836554034424332,0.017390041498001652,0.010719456978532271,0.5393135141413555,0.0010818716177661233,0.0009116946961656533,149
0.08916163419811918,0.06368564104675296,0.06580386157355932,0.05927703067757282,0.02789422356206674,0.07038645885268445,0.6008154379564613,0.0109306747054733,0.012045037427309908,150
0.03481194905946437,0.344362029150792,0.005346775796825467,0.01659871296421808,0.049202515770313156,0.0654199052480167,0.47630399619825364,0.004330757144151794,0.003623358667964754,151
0.028268402951360995,0.26081737757515594,0.011011867345462606,0.04052152889078203,0.07085679771411381,0.016696821948618733,0.5650393302377239,0.0033661422584453484,0.003421731078336743,152
0.39739534093650175,0.04527003846767123,0.00924920632742112,0.19163567419277747,0.017733373905861185,0.015128255550054821,0.30494852428667274,0.009439482300158359,0.009200104032881302,153
0.13767710968609337,0.053925282448205034,0.01307737310987983,0.5594823435893075,0.06840001573200946,0.025952829650490627,0.12411332657071084,0.009045229568816754,0.008326489644486729,154
0.41744813101804007,0.015535152484948283,0.010627462170684634,0.062044594910300954,0.04415509032768523,0.41349275227192406,0.024458861172361433,0.006270569067022875,0.005967386577032285,155
0.10013216340005907,0.05701187793077205,0.010835928427846041,0.05902696495269338,0.0354992398959259,0.020121776446668085,0.7014101462262702,0.007813458484128986,0.008148444235636324,156
0.011705244173718285,0.12871061319061505,0.05596999845809943,0.007819883238873601,0.04769042094255072,0.007782863065398551,0.7306377749336256,0.005122313769932917,0.004560888227185792,157
0.1992354474332064,0.05403000909712196,0.010517843520381912,0.13972080858871083,0.028792452740485034,0.03203177564758602,0.5257872056722885,0.004913367346028272,0.004971089954191015,158
0.5989754743008451,0.005496129740889386,0.012202502694436453,0.06301786136286606,0.15749163846311623,0.15255902013419748,0.0058268166582370814,0.0023000728985330563,0.002130483746879018,159
0.0080981337579791,0.7868801252831024,0.0076002599541628146,0.004371341958961003,0.015568175015530372,0.014331763715071662,0.15891291581178044,0.0021384776903699155,0.002098806813042349,160
0.14251800208035545,0.0475695801451058,0.011709146373570855,0.33555548303030197,0.027360144229600883,0.03046848410509901,0.3866919752241414,0.009315725795787105,0.0088114590160375,161
0.07091204990206798,0.09032200897654132,0.012965460369654206,0.05214354508249353,0.026985720398620593,0.031819231810855275,0.6894998723477139,0.014216855959475215,0.011135255152577916,162
0.1665642731707515,0.046152274652521696,0.012477329145310119,0.3576499076018691,0.026519099235836473,0.026562406738212474,0.34840718975349483,0.0071958802165802,0.008471639485423687,163
0.688618453345127,0.0838782104806849,0.010494574118605927,0.07025400767861269,0.020886462877348636,0.026913320046014003,0.08463799470685303,0.007148959959917924,0.007168016786835991,164
0.02356895972052839,0.2722020876203904,0.011003107649688154,0.07637919108887754,0.035624479627843195,0.022776435053048147,0.5433296186672576,0.007262539184647766,0.007853581387718724,165
0.4331006233683477,0.0174675417218698,0.010662716490748597,0.12351166167932746,0.1871251326899592,0.18465556475299688,0.027878416175489272,0.007966917144401375,0.0076314259768596494,166
0.14184851319923708,0.149815072099437,0.015265570626789902,0.05384714981527184,0.27177774165456037,0.0442501585127581,0.30529715366047955,0.009666506827203599,0.00823213360426244,167
0.29161051383340675,0.03535318603847456,0.08638937660568559,0.39887133762856675,0.030898103634707134,0.03524618551697501,0.09676482957064954,0.012161119761181135,0.012705347410353693,168
0.03980739898715372,0.1577539873618037,0.007738020168399975,0.09284262608227888,0.06791913597386064,0.04006319350195864,0.5801581412605141,0.0069946544974270825,0.006722842166603307,169
0.06993630964065435,0.10766466412980052,0.013553551689202657,0.05486842882644235,0.05783454792966378,0.07660914133238293,0.5951326388635004,0.013334586539922812,0.011066131048430143,170
0.023865431950105022,0.14202922527148307,0.06593924877088349,0.017753941552379075,0.052146218761429795,0.013058801264304132,0.6738289981374301,0.005857584983319684,0.005520549308665635,171
0.07147712481405341,0.3134639905816709,0.016778267465210713,0.030085584607644867,0.03931342296034638,0.05234715855215012,0.4509537401489922,0.013059486734613438,0.012521224135317952,172
0.18608596343686057,0.20235231167465484,0.017117182532460237,0.05351582739070342,0.028138181810027186,0.15315760355912567,0.34510534684528393,0.006977528444601582,0.007550054306282418,173
0.27687549945326134,0.13068219252887975,0.012891245380847032,0.10888523460883712,0.03128165608146934,0.028147172214532765,0.3922775770901806,0.008316204633783292,0.010643218008208805,174
0.09758679352750568,0.055491774486280614,0.009360875312920293,0.013716140950000538,0.039250791377308435,0.07464379550533368,0.7010846868745413,0.004651237206127045,0.00421390475998239,175
0.5263542408398738,0.026875201076144828,0.011876533748150302,0.30501570414941265,0.03476000770060505,0.015517050577690648,0.06695255857106207,0.005623398225112012,0.007025305111948631,176
0.18856764745463772,0.05582529147471696,0.009854630719697721,0.5328958562186482,0.021108872479939318,0.016631683730415164,0.15901071503372316,0.007523627603475596,0.00858167528474616,177
0.10206037835894033,0.024164713054340273,0.008250910007288462,0.7238809839275906,0.01625488722600198,0.01221663058724872,0.09856693085752573,0.006698307838588302,0.007906258142475732,178
0.4002427305606925,0.0879059589407912,0.01814585507012741,0.15659082786623038,0.061926027551914176,0.06939682442085633,0.18509465922388638,0.010197634241714276,0.010499482123787495,179
0.023294459128417103,0.3020122513936453,0.010075804472386258,0.06855624855068976,0.031284500767081724,0.019069893826534623,0.5269738344313679,0.00892201760858957,0.009810989821287882,180
0.6132207104530344,0.1367699256738875,0.010773088272889435,0.06456384091741824,0.016766080258917,0.021011348733095236,0.11922632699364155,0.0077723414132498635,0.009896337283866831,181
0.1360327628014546,0.08242173795590108,0.015537457643261079,0.5469646906377885,0.0202271499232019,0.027722767153205576,0.14866237623413872,0.010818370949404082,0.011612686701644344,182
0.29009318381119653,0.15733072733851908,0.025488403847439008,0.1621089294732421,0.04764122038658608,0.08512548293308547,0.2015365988580882,0.01588058689451844,0.014794866457325103,183
0.6613671056155292,0.028455974891349416,0.011637814128606618,0.1567185055363872,0.034478974333917035,0.03404157103584949,0.05750978290439788,0.007746794197055031,0.008043477356908106,184
0.03150552160326503,0.46668015119298245,0.006403123146699041,0.011978996240346951,0.014095433820860915,0.013023670864999943,0.45032313698011783,0.0026798840860964503,0.0033100820646313977,185
0.43128791318903215,0.054756866107719446,0.018368619275378306,0.3204744845848985,0.04743270622983463,0.03142561030214525,0.060354144209257804,0.01803149551953557,0.017868160582198256,186
0.5431909789021648,0.05476617438751188,0.01839016542022302,0.09216091570845154,0.024638754804544593,0.0286536080952292,0.21223438673010417,0.013526600911096568,0.012438415040674338,187
0.09438294805124806,0.31004019134249194,0.01748022187171448,0.038406356901386565,0.043401004789287496,0.06144816271994203,0.40814633487347024,0.013558302183534975,0.013136477266924117,188
0.06552933795078267,0.06277745927435821,0.013371289018756236,0.04749333383154805,0.023353309145431534,0.02875635421979626,0.7426014843516969,0.008004646951484755,0.008112785256145427,189
0.586013820788998,0.027681078534402062,0.010952661529805615,0.0897444929487546,0.14747137159894616,0.04020362516313359,0.08109356578419133,0.007927767447042612,0.008911616204725971,190
0.01337243551794423,0.06841898818839345,0.03296237063083178,0.015629186424398856,0.03612726856465463,0.008174813289201185,0.8165702214905766,0.004504929349630404,0.0042397865443687625,191
0.3762830129870615,0.006932536953043897,0.004862646959583323,0.5657395205540549,0.01885649039182138,0.010844385091239672,0.007909913058430591,0.003253635878327374,0.005317858126437405,192
0.017961645809303515,0.05894486133226308,0.004761588794446455,0.015366702409974177,0.009449271190020002,0.019685247002416147,0.8689787327578818,0.002388212537781597,0.002463738165913072,193
0.10566816279038056,0.05590806273670163,0.023168667052244914,0.1101126319810272,0.02656400313410139,0.03547672419916904,0.3531271002706172,0.018430653466806255,0.27154399436895194,194
0.5956968753290423,0.01531039975840153,0.0065528811108279735,0.2530039500479322,0.014735341431212443,0.0792927259133547,0.028072712094549757,0.003175313841895494,0.004159800472783568,195
0.16992757581824453,0.011404068052120372,0.017172561056726154,0.05784602380020209,0.5859752090244268,0.1290191372207416,0.02217422829597563,0.0033225051960344824,0.003158691535528385,196
0.15923228174426166,0.21421652319804568,0.02722670106793793,0.0551829754630108,0.03435713531159742,0.09585804372135107,0.3819658985397588,0.014541696612950844,0.017418744341085764,197
0.05567023310985109,0.5494172694145072,0.012164837721045412,0.023229555205141635,0.0196341909949155,0.027151963879011243,0.29970585410804296,0.006329830956143555,0.00669626461134139,198
0.5860795557983023,0.0493222167272212,0.01570645635751151,0.10934665033373835,0.029909898623780594,0.028550935305146,0.15942407908847236,0.009848951084692385,0.011811256681135399,199
0.3934170523128573,0.011197382498037594,0.011007245201835287,0.4318528349090933,0.0493775092685064,0.06857921614248515,0.020091671768253144,0.007629890668426236,0.006847197230505569,200
0.19780556719676765,0.06686219219891777,0.021947631526401633,0.15530300417046064,0.030430135251728503,0.030859470376044022,0.46222991749305004,0.0176708974234502,0.01689118436317961,201
0.00495407092348044,0.11297539781159766,0.04163290823258717,0.007629981787424014,0.05033976869717953,0.003967780942390378,0.7728375163288826,0.002819579821725303,0.0028429954547329337,202
0.4404047413015055,0.012051337204080656,0.004740289992621689,0.49285728679683877,0.013831572538637411,0.014869512841776096,0.011304587682012675,0.004217636981027998,0.005723034661499282,203
0.030807006265710327,0.7718235954185231,0.009750916517648613,0.020029543095425886,0.019201091911797113,0.009674595746143698,0.12995246093870977,0.004140345662606325,0.004620444443435113,204
0.1178375938794812,0.1337549528753354,0.016257356890847043,0.043476760514083404,0.09629161348468926,0.09236991583785492,0.4758622163088336,0.011914215362665154,0.012235374846210168,205
0.11584052905694525,0.07260285427194346,0.033268195035826155,0.07170930723563251,0.02790424541809873,0.028787326808396987,0.6185528258834678,0.016653444936630513,0.014681271353058467,206
0.36693285616341353,0.10064393056579563,0.015666553298891914,0.26133505007488167,0.027876644538776977,0.021623515592318635,0.1336863784104297,0.056060839782872705,0.016174231572619227,207
0.039382654748361993,0.019614767462913213,0.023160022007940272,0.20224798743474745,0.03382731694199687,0.012524359670069268,0.6414195087798391,0.014832979195812238,0.012990403758319462,208
0.4667606170118156,0.08362818896082315,0.024219877006412392,0.09725313073965212,0.022829109339212207,0.041294063633365595,0.24283351220684313,0.01069163544058072,0.010489865661295115,209
0.09496100949146168,0.08176635547620621,0.023305634154836823,0.1039608005041458,0.04586031419473321,0.02711147322800482,0.5887518012317731,0.017061390204309704,0.017221221514528595,210
0.03821828666900745,0.3725276855704986,0.010685743797189343,0.019928606280662668,0.008161673590375096,0.011184612115133517,0.5319961035744145,0.0033359951594915103,0.003961293243227224,211
0.28545472266600985,0.20000790151721323,0.017100707742960946,0.04585939777409504,0.02372769814001303,0.035149988708477464,0.37534446463926524,0.008959203201620752,0.008395915610344381,212
0.37034759407621687,0.11771305649864029,0.022788652506834397,0.12916050418170064,0.036250245302369505,0.062445573486761094,0.2457761347514689,0.006392414920515826,0.009125824275492666,213
